                                 dt0500         dt0050         dt0025         dt0125        dt00625   dt0050_seed1   dt0125_seed1
droplets_M                       12.967          51.42         69.243         76.492         78.565         51.492         77.059
r_num_um                         186.88         69.479         68.537         68.464           68.7         69.463         68.575
r_mass_um                        196.82         190.35         188.59         187.33         185.78          190.2          187.2
thick_share_pct                  94.842         80.199         73.477         71.204         71.431          80.21         70.893
film_at_release_mm               3.5854        0.24518        0.16864        0.13433         0.1021        0.24244         0.1315
sprayed_kg                       1.1789         1.1458         1.1602         1.1654         1.1642         1.1472          1.167
mass_120_kg                     0.29308        0.32623        0.31184        0.30662        0.30786        0.32486          0.305
deep_runoff_g                    116.86        0.89821        0.88702        0.88302        0.88081        0.87956        0.86996
frozen_g                         4.5478         107.15         238.42         485.84         941.28         107.43         486.16
rt_g_window                      44.555          2.897         2.5612         2.6538        0.54392          2.812         1.8182
rt_g_all                         109.43          67.77         67.434         67.527         65.417         67.593         66.599
sprayed_before_switch_g          80.256         80.256         80.256         80.256         80.256         80.092         80.092
sprayed_at_49p5_g                18.065         18.065         18.065         18.065         18.065         18.175         18.175
energy                       1.1452e-10     8.9582e-10     1.9844e-09     3.0528e-09     4.1317e-09     9.3184e-10     3.4589e-09
wall_h                          0.37389         1.2958          2.141         3.7388         5.9161            1.3         3.7487
exit                                  0              0              0              0              0              0              0
thick_g                          1024.9         840.06         780.22          759.8         761.34         841.32         757.67
thick_r_num_um                   187.75         188.49         188.01         186.66         183.62         188.33         186.68
thick_r_mass_um                  194.62          194.6         194.43         193.66         192.01         194.66         193.78
thick_droplets_M                 12.003         10.187         9.7421         10.121         11.449         10.209         10.093
thin_g                           11.184         204.51         279.08         304.63         303.96         204.76         309.27
thin_r_num_um                    71.889         65.177         65.712         66.089         66.134         65.272         66.214
thin_r_mass_um                   156.18         85.779         82.203          80.93         80.749         85.927         81.017
thin_droplets_M                 0.96207         41.232           59.5         66.371         67.116         41.282         66.966
med_thick_branch_fraction        0.56094        0.36358        0.30678        0.26983        0.24399        0.36547        0.27119
med_slurry_thick_fraction       0.062422        0.33333        0.28181        0.25043        0.22984        0.33378        0.25014
med_rigid_thin_fraction          0.1454      0.0099323      0.0071008      0.0048432       0.002784       0.010183      0.0047266
med_nonrigid_depth_mean_mm         1.4705        0.41033        0.33779         0.3018        0.28291         0.4095        0.30555
med_delta_m_mean_um              287.97         295.07         294.79         293.67         293.47         294.98          293.7
med_molten_depth_mean_mm          1.327       0.035374       0.022513       0.013267      0.0058893       0.034511        0.01465
thick_pct_49.5_60                94.437         80.797          73.65          72.13         72.203         80.297         71.922
thick_pct_60_80                  94.504         72.456         62.885         59.654         59.729         72.671          59.21
thick_pct_80_100                 94.841         84.629         79.599         77.606         78.191         84.403         77.503
thick_pct_100_120                 96.45          96.24         97.415         97.576         97.223         96.969          96.76
